468
467
160
865
838
144
896
1070
896
960
557
558
552
978
684
685
1071
977
433
434
665
965
796
664
685
684
796
965
570
965
235
645
296
295
553
645
235
468
644
643
558
557
960
838
865
557
558
552
553
645
235
965
665
434
696
920
1042
955
77
89
856
791
792
791
856
89
208
147
250
706
856
791
792
377
409
408
250
147
146
317
316
368
588
146
147
428
317
146
588
368
316
317
428
313
428
408
409
377
706
208
858
146
317
146
858
335
904
863
655
1043
982
983
982
1043
655
656
903
656
859
863
904
660
336
920
696
660
904
335
858
1042
920
336
335
859
656
655
863
859
335
336
660
433
664
665
965
796
684
685
1071
977
904
660
433
664
796
295
553
644
643
865
643
467
