996
189
755
189
190
274
275
602
889
559
274
1032
564
873
874
972
771
722
562
196
839
634
459
460
562
811
197
196
562
722
721
972
874
1033
275
602
420
421
1057
721
722
771
636
1064
812
811
562
460
459
936
721
1057
421
420
262
263
205
634
839
460
562
460
459
936
421
1057
1033
1032
564
563
308
307
189
755
189
307
169
700
699
757
555
757
635
271
895
168
169
307
995
996
189
307
169
700
699
757
555
556
612
611
555
657
700
169
563
564
1035
657
555
611
635
757
699
895
271
270
168
895
699
700
657
1035
1034
764
999
612
556
764
1034
1035
564
1032
274
559
889
890
262
420
263
262
890
889
559
766
386
190
386
756
755
189
307
169
700
699
895
271
270
995
996
189
190
308
190
