686
482
658
178
484
868
745
107
106
490
489
705
222
97
241
551
777
776
334
234
513
269
268
429
516
359
821
429
268
269
462
833
98
695
821
359
425
515
516
429
268
269
462
338
233
333
935
776
777
242
241
97
663
658
178
484
868
745
107
106
96
97
241
649
481
663
110
178
484
868
745
107
106
490
489
705
704
279
787
246
551
935
333
787
279
222
246
787
333
233
288
337
120
99
98
833
462
269
513
338
337
288
281
120
833
98
99
389
390
704
705
222
97
96
110
745
868
745
107
106
490
489
705
704
279
281
288
233
234
334
333
935
551
241
649
686
482
481
482
