Mejor longitud: 164
Longitud tour: 0
Longitud salida: 0
Cantidad arcos: 142
Costo recoleccion: 93
Costo recorrer: 18820
Costo pesos pasada: 18727
Mejor costo: 18984.3
Nodo inicio: 387
Nodo fin: 849
Tiempo de resolucion: 60045770 microsegundos
La solución es:
387
326
153
62
387
326
344
118
550
76
284
495
630
258
435
154
344
345
435
258
259
784
379
780
781
1010
1011
900
601
853
285
474
601
900
601
474
215
214
568
850
849
375
813
124
767
191
215
767
124
813
825
123
850
849
375
813
124
767
215
214
569
781
380
410
495
450
75
76
266
76
75
450
345
630
784
410
411
759
1010
1011
569
781
380
379
287
286
561
259
287
891
780
781
380
410
495
450
75
76
266
615
299
549
550
615
266
735
284
411
759
380
410
495
630
258
928
561
286
469
470
376
121
637
374
375
849
375
813
124
767
215
214
569
781
380
410
495
450
119
118
458
326
153
154
344
345
450
75
119
118
550
615
299
549
458
326
344
345
630
258
928
561
286
469
470
849
