Mejor longitud: 154
Longitud tour: 0
Longitud salida: 0
Cantidad arcos: 149
Costo recoleccion: 90
Costo recorrer: 18597
Costo pesos pasada: 18507
Mejor costo: 18741.9
Nodo inicio: 949
Nodo fin: 949
Tiempo de resolucion: 30029740 microsegundos
La solución es:
949
958
535
416
415
701
686
649
241
242
309
649
686
649
241
242
777
776
334
234
513
269
39
269
268
429
516
515
312
854
368
854
355
354
903
946
893
1069
1068
978
1068
982
1043
946
903
354
523
673
651
650
969
961
651
522
523
354
355
870
565
583
650
969
961
1069
673
523
354
355
854
312
313
237
238
516
429
268
737
1078
621
238
237
313
312
317
312
515
870
522
651
961
969
650
583
522
870
515
516
429
268
269
513
234
334
776
777
242
949
915
679
40
831
905
678
39
40
334
776
679
776
334
776
777
242
949
958
535
367
309
701
686
649
241
242
949
915
937
831
40
39
678
883
737
268
269
513
234
334
776
777
915
937
958
535
367
949
