Mejor longitud: 170
Longitud tour: 0
Longitud salida: 0
Cantidad arcos: 182
Costo recoleccion: 125
Costo recorrer: 19464
Costo pesos pasada: 19339
Mejor costo: 19637
Nodo inicio: 16
Nodo fin: 537
Tiempo de resolucion: 60008886 microsegundos
La solución es:
16
7
10
8
4
11
16
932
113
11
4
8
12
5
4
695
821
359
113
932
203
17
6
9
22
688
583
650
687
830
985
21
18
20
21
985
830
969
650
583
565
203
932
943
789
425
359
821
359
113
695
98
99
389
390
683
489
490
106
107
745
868
483
1092
483
647
953
3
653
358
180
14
5
12
13
2
15
358
653
536
107
106
96
97
241
649
686
649
241
97
96
106
490
489
705
704
279
281
389
99
120
281
279
704
390
389
281
120
833
98
695
113
11
16
932
203
688
687
19
18
21
985
21
18
19
22
9
17
16
11
4
5
14
15
358
718
490
489
490
106
107
536
537
536
653
3
15
14
5
14
15
358
718
489
683
180
358
653
536
107
745
868
483
1092
484
868
745
537
953
647
537
