369
125
126
92
193
194
125
369
837
614
758
572
571
126
125
194
822
1095
193
92
126
571
572
758
256
531
211
884
897
1047
975
974
1047
897
884
461
211
531
746
531
256
758
572
257
400
129
130
988
989
970
575
576
670
755
189
755
997
990
575
970
959
918
319
318
608
419
70
69
200
984
55
56
779
882
55
984
200
984
814
738
689
690
988
130
84
163
179
598
974
975
991
975
1047
974
598
33
34
992
991
975
974
598
33
163
994
993
34
33
598
179
83
129
400
690
988
130
84
83
179
461
257
256
758
572
571
93
882
779
471
472
869
814
738
808
738
689
875
809
834
809
808
869
472
834
875
689
690
988
989
318
608
419
70
69
200
984
55
56
471
56
55
882
93
92
126
571
572
257
400
129
130
988
989
970
575
990
989
988
994
163
33
34
33
163
84
130
988
989
970
575
576
670
671
670
576
575
970
575
576
670
755
189
307
189
755
189
307
995
996
997
