693
122
892
1034
764
1034
1035
661
398
832
852
815
102
533
599
860
252
294
632
633
519
518
636
771
972
477
293
874
873
885
815
293
477
478
795
771
636
518
795
478
477
632
134
827
505
674
532
769
832
398
885
873
874
972
771
795
518
519
478
795
478
477
293
815
852
769
768
375
374
637
892
637
121
122
693
122
892
637
374
847
397
398
661
397
847
374
375
849
375
768
847
832
769
852
832
847
768
769
532
533
102
103
599
860
252
103
102
815
852
769
768
375
813
124
813
825
123
124
532
674
505
860
252
294
632
134
827
294
293
874
972
477
632
134
135
633
