Mejor longitud: 224
Longitud tour: 0
Longitud salida: 0
Cantidad arcos: 219
Costo recoleccion: 166
Costo recorrer: 16546
Costo pesos pasada: 16380
Mejor costo: 16785.6
Nodo inicio: 475
Nodo fin: 183
Tiempo de resolucion: 60040314 microsegundos
La solución es:
475
1090
475
476
546
452
451
452
136
385
346
417
27
28
629
509
846
418
417
346
292
291
346
385
136
452
24
23
546
867
475
1090
475
476
23
24
137
291
292
418
846
441
138
111
112
440
114
1050
1048
202
42
81
82
634
205
204
922
890
889
902
922
204
205
634
839
196
325
82
888
41
42
81
82
888
41
201
202
666
667
424
473
115
114
440
112
111
182
183
1051
1054
442
794
28
27
509
629
443
842
620
138
441
842
443
442
1054
1053
1052
1051
901
182
111
138
620
901
1051
1052
1048
951
666
202
201
496
1053
1054
442
443
842
441
846
418
292
291
137
136
452
24
137
291
292
418
846
441
138
111
112
440
473
424
277
278
349
916
567
1064
812
934
916
349
58
348
423
666
951
667
424
277
348
58
57
209
57
422
325
196
839
634
205
634
839
196
197
899
934
916
349
348
277
424
423
348
349
278
277
348
349
916
934
899
209
325
422
81
82
888
41
201
1052
1048
1050
1049
112
440
473
424
277
278
567
278
277
424
115
114
1050
1049
183
