152
642
512
101
50
154
153
49
61
412
100
504
730
729
945
944
151
753
752
914
944
945
729
730
504
512
71
171
170
642
152
151
436
170
171
71
512
504
152
945
944
151
436
170
171
71
72
744
906
560
561
286
469
470
376
693
999
998
469
286
561
928
927
50
49
100
412
61
62
153
154
435
927
488
101
100
412
785
730
785
640
880
729
730
504
512
71
171
142
143
454
848
906
744
72
142
171
360
733
436
151
944
914
752
753
733
360
503
142
72
488
913
560
561
928
913
744
143
703
52
545
52
51
810
703
453
592
848
454
143
142
503
360
171
142
503
810
703
52
545
897
545
453
454
906
848
592
897
1047
975
991
998
999
998
469
470
376
121
122
693
