Mejor longitud: 149
Longitud tour: 0
Longitud salida: 0
Cantidad arcos: 151
Costo recoleccion: 122
Costo recorrer: 14781
Costo pesos pasada: 14659
Mejor costo: 14955.6
Nodo inicio: 949
Nodo fin: 581
Tiempo de resolucion: 60040325 microsegundos
La solución es:
949
915
937
958
949
915
937
836
339
79
886
416
415
367
949
958
339
836
851
831
905
966
117
116
432
1078
737
883
132
131
678
883
737
1078
621
409
377
409
408
237
408
409
432
692
491
30
29
692
432
116
132
883
678
131
117
90
91
581
554
90
492
491
692
29
188
29
377
409
432
116
117
966
698
91
698
788
851
966
905
831
937
958
339
289
80
790
886
79
535
416
841
1025
762
871
264
628
627
790
80
79
339
958
535
367
949
958
339
289
300
301
499
788
300
289
339
79
535
416
841
1024
109
108
714
843
415
367
949
915
937
831
905
678
131
132
116
775
491
492
775
116
432
116
117
966
851
836
300
301
499
581
