Mejor longitud: 145
Longitud tour: 0
Longitud salida: 0
Cantidad arcos: 178
Costo recoleccion: 169
Costo recorrer: 15093
Costo pesos pasada: 14924
Mejor costo: 15278.7
Nodo inicio: 723
Nodo fin: 1070
Tiempo de resolucion: 60028327 microsegundos
La solución es:
723
973
912
800
719
365
547
772
587
240
739
276
497
498
772
547
548
366
720
719
800
971
973
723
724
963
654
754
228
145
144
838
159
160
467
468
235
236
570
682
306
236
235
468
467
305
617
311
240
587
365
366
548
547
772
498
64
63
64
245
497
276
244
305
467
160
617
305
306
63
64
245
244
574
311
617
229
228
48
47
829
828
1075
723
724
754
654
226
227
311
227
226
1093
227
239
240
311
574
739
240
239
963
724
912
587
772
547
772
587
240
239
227
226
654
229
228
48
413
964
47
48
228
754
1075
828
929
829
47
964
1076
770
144
145
228
229
159
145
413
48
228
48
47
964
1076
770
1070
