Mejor longitud: 148
Longitud tour: 0
Longitud salida: 0
Cantidad arcos: 166
Costo recoleccion: 143
Costo recorrer: 16447
Costo pesos pasada: 16304
Mejor costo: 16642.9
Nodo inicio: 369
Nodo fin: 626
Tiempo de resolucion: 30031456 microsegundos
La solución es:
369
837
283
613
614
837
369
282
283
778
672
521
520
156
521
672
778
165
249
822
1095
1094
957
517
382
383
524
164
165
778
283
282
369
125
249
282
369
282
283
778
626
625
402
401
783
401
524
383
378
957
1094
165
164
524
401
402
669
164
378
383
382
517
804
1
0
782
748
749
697
361
511
224
225
508
746
543
542
613
283
837
614
613
542
672
225
224
511
749
748
782
0
1
804
382
383
524
401
783
782
407
406
800
406
1074
971
800
406
407
782
748
510
783
1
0
782
748
510
155
224
511
749
596
366
720
406
1074
941
407
596
597
596
749
511
510
748
782
783
401
402
625
155
156
520
626
778
165
164
669
626
