Mejor longitud: 158
Longitud tour: 0
Longitud salida: 0
Cantidad arcos: 184
Costo recoleccion: 152
Costo recorrer: 15844
Costo pesos pasada: 15692
Mejor costo: 16036.1
Nodo inicio: 468
Nodo fin: 433
Tiempo de resolucion: 30006752 microsegundos
La solución es:
468
644
643
865
557
960
896
1070
896
960
838
865
160
467
468
235
645
553
295
296
645
235
468
467
643
558
557
865
838
144
896
960
557
558
552
553
645
235
965
665
434
696
920
1042
955
77
89
856
791
792
791
856
89
208
147
250
706
856
791
792
377
409
408
250
147
146
317
316
368
588
146
858
1042
920
696
660
336
920
696
660
904
863
655
1043
982
983
982
1043
655
656
903
656
859
335
858
146
147
428
317
146
588
368
316
317
428
313
428
408
409
377
706
208
858
335
859
863
904
660
433
434
665
965
570
965
235
645
553
552
978
684
685
1071
977
904
335
336
660
696
434
433
664
685
684
796
295
553
644
468
467
468
235
965
796
664
665
434
433
977
433
